6
Smobby_134.bk3d.gz
0.940000 0.02 0.0 0.000348
Eiffel_133.bk3d.gz
-0.400000 -0.500000 -0.020000 0.000008
Jet_134.bk3d.gz
0.840000 0.017136 -0.840000 0.000026
SubMarine_134.bk3d.gz
0 0 0 0
Camera_134.bk3d.gz
-0.4 -0.5 -0.96 0.0001
ConceptCar_134.bk3d.gz
-0.460000 -0.900000 0.000000 0.000100
22
0.39 2.54 -0.69 0.55 1.53 0.94 0.5
0.41 0.97 -0.49 0.40 0.96 -0.5 5.0
-1.01 0.95 0.20 -0.34 0.71 -0.04 0.5
-0.72 0.86 0.01 -0.60 0.83 0.03 4.0
-0.43 0.85 0.02 -0.46 0.85 0.02 4.0
-1.18 0.17 -0.38 -0.74 -0.03 -0.67 0.5
0.57 0.04 -1.00 0.44 0.02 -0.86 3.0
1.54 1.62 -2.62 0.41 0.76 -0.66 0.5
-0.04 -0.33 0.26 -0.03 -0.42 0.54 0.0
0.11 -0.35 0.25 0.12 -0.43 0.54 0.0
0.13 -0.36 0.36 0.15 -0.38 0.42 0.0
0.31 -0.38 0.39 0.24 -0.39 0.41 0.0
0.41 -0.35 0.21 0.24 -0.39 0.41 0.0
-0.35 -0.26 0.21 -0.23 -0.40 0.39 0.0
-0.81 -0.34 1.45 -0.03 -0.29 0.39 0.0
-1.02 0.83 1.20 -0.22 0.74 0.16 2.0
0.24 0.95 -0.01 0.53 0.42 -0.42 2.0
0.52 1.05 -0.16 0.41 0.95 -0.50 2.0
0.64 1.32 -0.33 0.38 1.19 -0.57 2.0
0.59 1.63 -0.34 0.29 1.48 -0.62 2.0
0.54 2.30 -0.55 0.40 2.25 -0.49 2.0
-0.68 2.33 -3.72 0.03 1.31 -1.01 2.0
