2
Driveline_v134.bk3d.gz
0.290271 0.313293 0.000000 0.000234
Body_v134.bk3d.gz
0.293030 0.301907 0.000000 0.000218
35
-0.50 0.15 -0.05 -0.22 -0.02 0.36 0.0
-0.37 0.08 0.20 -0.22 -0.02 0.36 3.0
-0.39 -0.06 0.22 -0.17 0.05 0.35 0.0
0.21 -0.41 0.32 0.30 -0.03 0.32 0.0
-0.07 -0.35 0.31 0.02 0.03 0.31 0.0
-0.37 -0.28 0.31 -0.29 0.1 0.31 0.0
-0.45 0.13 0.11 -0.22 -0.02 0.36 0.0
-0.52 0.11 0.54 -0.22 -0.02 0.36 2.0
-0.57 0.46 0.71 -0.14 0.07 0.35 0.0
-0.32 0.09 0.63 -0.31 0.03 0.35 0.0
-0.18 0.14 0.73 -0.19 0.07 0.35 0.0
-0.03 0.14 0.72 -0.04 0.07 0.34 0.0
0.14 0.15 0.71 0.12 0.08 0.34 0.0
0.37 0.04 0.71 0.35 0.05 0.33 0.0
0.44 0.05 0.70 0.43 0.03 0.32 0.0
0.41 0.05 0.47 0.42 0.04 0.32 0.0
0.44 0.08 0.28 0.42 0.02 0.14 0.0
0.70 0.32 0.29 0.34 0.08 0.31 0.0
0.34 0.17 -0.12 0.36 0.09 0.31 0.0
0.18 0.16 -0.11 0.20 0.08 0.31 0.0
-0.00 0.14 -0.10 0.02 0.07 0.32 0.0
-0.14 0.13 -0.10 -0.12 0.06 0.32 0.0
-0.33 0.53 -0.38 -0.06 0.06 0.27 0.0
-0.49 0.33 -0.39 -0.06 0.09 0.25 0.0
-0.79 0.31 -0.02 -0.06 0.09 0.25 0.0
-0.84 0.28 0.31 -0.06 0.09 0.25 0.0
-0.70 0.25 0.72 -0.06 0.09 0.25 0.0
-0.46 0.36 0.90 -0.06 0.09 0.25 0.0
-0.08 0.22 1.05 -0.06 0.09 0.25 0.0
0.14 0.22 1.02 -0.06 0.09 0.25 0.0
0.58 0.09 0.75 -0.06 0.09 0.25 0.0
0.75 0.08 0.34 -0.06 0.09 0.25 0.0
0.76 0.34 0.30 -0.00 0.09 0.29 0.0
0.10 0.12 0.28 -0.67 -0.14 0.27 0.0
0.05 0.15 -0.05 -0.22 -0.02 0.36 0.0
